cloud
1400 1200 400 0 0 0 100
500 500 900 0 0 0 100
900 1500 1000 0 0 0 90
1600 400 1200 0 0 0 100
1000 1200 1500 0 0 0 115
1200 800 800 0 0 0 100
cake
600 1600 2000 0 0 0 40
1400 750 2200 0 0 0 60
800 1600 2500 0 0 0 40
500 700 2500 0 0 0 30
800 1000 2900 0 0 0 30
1000 700 3000 0 0 0 100
1500 1300 3400 0 0 0 50
400 1700 3800 0 0 0 80
yamroll
600 400 2300 0 -1100 0 80
300 800 2700 -1400 0 0 70
1700 1200 2700 1400 0 0 80
400 1500 3400 0 0 700 90
1600 600 3700 1200 0 0 70
1200 2000 4000 0 1900 0 180
choco
900 300 4300 -200 -200 0 120
1600 1000 4400 0 0 -200 70
700 1600 4500 200 200 0 80
1200 600 4600 0 300 -300 60
700 900 4900 -200 -200 0 90 
1400 1300 5000 200 200 0 70
300 500 5100 -200 0 -200 80
400 800 5300 200 0 -200 60
1200 1200 5400 200 200 0 60
300 1200 5700 0 200 -200 120
400 1800 5900 200 0 -200 100
chocobar
400 400 4700 -200 -200 0 40
1500 200 5500 200 -200 0 70
900 1400 5500 0 -200 200 80
1100 700 5800 200 -200 0 40
chocopack
300 1500 4200 0 0 -400 20
1300 1700 4900 0 200 -200 80
moji
1100 800 6100 100 0 0 80
1600 400 6200 -200 200 0 70
400 900 6600 0 -200 200 60
1300 1300 6900 300 -200 200 170
1200 1500 7050 -200 0 -50 70
700 1000 7075 0 200 175 80
1000 1100 7200 0 0 -300 90
1800 400 7300 0 -200 0 60
300 1200 7550 -200 0 200 60
1200 300 7700 -200 0 -200 70
1800 600 7800 0 -200 200 120
400 1700 7880 -100 -100 0 200
mello
400 800 6200 0 200 200 60
800 400 6400 0 -500 -100 100
1600 1500 6500 300 0 -300 50
900 1000 6700 -200 0 0 70
500 700 7000 200 200 0 50
600 1400 7100 200 0 -200 60
1300 800 7400 200 700 0 50
1700 1600 7400 200 200 0 50
800 300 7500 200 200 0 80
1700 1600 7600 200 300 -200 70
1900 400 7600 200 0 200 40
1400 900 7850 -200 -200 0 60
800 500 7850 0 -200 200 60
1300 1300 7900 200 -200 0 50
1200 300 8000 0 200 200 70